/*--------------------------------*- C++ -*----------------------------------*\
| =========                 |                                                 |
| \\      /  F ield         | OpenFOAM: The Open Source CFD Toolbox           |
|  \\    /   O peration     | Version:  2.4.0                                 |
|   \\  /    A nd           | Web:      www.OpenFOAM.org                      |
|    \\/     M anipulation  |                                                 |
\*---------------------------------------------------------------------------*/
FoamFile
{
    version     2.0;
    format      ascii;
    class       labelList;
    location    "constant/polyMesh";
    object      pointProcAddressing;
}
// * * * * * * * * * * * * * * * * * * * * * * * * * * * * * * * * * * * * * //


330
(
668
669
670
671
672
673
674
675
676
677
678
749
750
751
752
753
754
755
756
757
758
759
830
831
832
833
834
835
836
837
838
839
840
911
912
913
914
915
916
917
918
919
920
921
992
993
994
995
996
997
998
999
1000
1001
1002
2045
2046
2047
2048
2049
2050
2051
2052
2053
2054
2055
2126
2127
2128
2129
2130
2131
2132
2133
2134
2135
2136
2207
2208
2209
2210
2211
2212
2213
2214
2215
2216
2217
2288
2289
2290
2291
2292
2293
2294
2295
2296
2297
2298
2369
2370
2371
2372
2373
2374
2375
2376
2377
2378
2379
3422
3423
3424
3425
3426
3427
3428
3429
3430
3431
3432
3503
3504
3505
3506
3507
3508
3509
3510
3511
3512
3513
3584
3585
3586
3587
3588
3589
3590
3591
3592
3593
3594
3665
3666
3667
3668
3669
3670
3671
3672
3673
3674
3675
3746
3747
3748
3749
3750
3751
3752
3753
3754
3755
3756
4799
4800
4801
4802
4803
4804
4805
4806
4807
4808
4809
4880
4881
4882
4883
4884
4885
4886
4887
4888
4889
4890
4961
4962
4963
4964
4965
4966
4967
4968
4969
4970
4971
5042
5043
5044
5045
5046
5047
5048
5049
5050
5051
5052
5123
5124
5125
5126
5127
5128
5129
5130
5131
5132
5133
6176
6177
6178
6179
6180
6181
6182
6183
6184
6185
6186
6257
6258
6259
6260
6261
6262
6263
6264
6265
6266
6267
6338
6339
6340
6341
6342
6343
6344
6345
6346
6347
6348
6419
6420
6421
6422
6423
6424
6425
6426
6427
6428
6429
6500
6501
6502
6503
6504
6505
6506
6507
6508
6509
6510
7553
7554
7555
7556
7557
7558
7559
7560
7561
7562
7563
7634
7635
7636
7637
7638
7639
7640
7641
7642
7643
7644
7715
7716
7717
7718
7719
7720
7721
7722
7723
7724
7725
7796
7797
7798
7799
7800
7801
7802
7803
7804
7805
7806
7877
7878
7879
7880
7881
7882
7883
7884
7885
7886
7887
)


// ************************************************************************* //
