/*--------------------------------*- C++ -*----------------------------------*\
| =========                 |                                                 |
| \\      /  F ield         | OpenFOAM: The Open Source CFD Toolbox           |
|  \\    /   O peration     | Version:  2.4.0                                 |
|   \\  /    A nd           | Web:      www.OpenFOAM.org                      |
|    \\/     M anipulation  |                                                 |
\*---------------------------------------------------------------------------*/
FoamFile
{
    version     2.0;
    format      ascii;
    class       labelList;
    location    "constant/polyMesh";
    object      faceProcAddressing;
}
// * * * * * * * * * * * * * * * * * * * * * * * * * * * * * * * * * * * * * //


227
(
2929
2930
2931
2932
2933
2934
2935
2936
2937
2938
2939
2940
2942
2943
3168
3169
3170
3171
3172
3173
3174
3175
3176
3177
3178
3179
3181
3182
3407
3408
3409
3410
3411
3412
3413
3414
3415
3416
3417
3418
3420
3421
3626
3627
3628
3629
3630
3631
3632
3633
3635
6673
6674
6675
6676
6677
6678
6679
6680
6681
6682
6683
6684
6686
6687
6912
6913
6914
6915
6916
6917
6918
6919
6920
6921
6922
6923
6925
6926
7151
7152
7153
7154
7155
7156
7157
7158
7159
7160
7161
7162
7164
7165
7370
7371
7372
7373
7374
7375
7376
7377
7379
10417
10418
10420
10421
10423
10424
10426
10427
10430
10656
10657
10659
10660
10662
10663
10665
10666
10669
10895
10896
10898
10899
10901
10902
10904
10905
10908
11114
11116
11118
11120
17933
17934
17935
17936
17949
17950
17951
17952
17965
17966
17967
17968
17981
17982
17983
17984
17997
17998
17999
18000
20661
20662
20663
20666
20667
20668
20671
20672
20673
20676
20677
20678
20681
20682
20683
-2691
-2694
-2697
-2700
-2703
-6435
-6438
-6441
-6444
-6447
-10179
-10182
-10185
-10188
-10191
-2926
-3165
-3404
-3624
-6670
-6909
-7148
-7368
-10414
-10653
-10892
-11112
2941
3180
3419
3634
6685
6924
7163
7378
10429
10668
10907
10419
10422
10425
10428
10431
10658
10661
10664
10667
10670
10897
10900
10903
10906
10909
11115
11117
11119
11121
11123
11122
)


// ************************************************************************* //
