/*--------------------------------*- C++ -*----------------------------------*\
| =========                 |                                                 |
| \\      /  F ield         | OpenFOAM: The Open Source CFD Toolbox           |
|  \\    /   O peration     | Version:  2.4.0                                 |
|   \\  /    A nd           | Web:      www.OpenFOAM.org                      |
|    \\/     M anipulation  |                                                 |
\*---------------------------------------------------------------------------*/
FoamFile
{
    version     2.0;
    format      ascii;
    class       vectorField;
    location    "constant/polyMesh";
    object      points;
}
// * * * * * * * * * * * * * * * * * * * * * * * * * * * * * * * * * * * * * //


120
(
(0.0375 0.015 0.004)
(0.038125 0.015 0.004)
(0.03875 0.015 0.004)
(0.039375 0.015 0.004)
(0.04 0.015 0.004)
(0.040625 0.015 0.004)
(0.0375 0.01625 0.004)
(0.038125 0.01625 0.004)
(0.03875 0.01625 0.004)
(0.039375 0.01625 0.004)
(0.04 0.01625 0.004)
(0.040625 0.01625 0.004)
(0.0375 0.0175 0.004)
(0.038125 0.0175 0.004)
(0.03875 0.0175 0.004)
(0.039375 0.0175 0.004)
(0.04 0.0175 0.004)
(0.040625 0.0175 0.004)
(0.0375 0.01875 0.004)
(0.038125 0.01875 0.004)
(0.03875 0.01875 0.004)
(0.039375 0.01875 0.004)
(0.04 0.01875 0.004)
(0.040625 0.01875 0.004)
(0.0375 0.02 0.004)
(0.038125 0.02 0.004)
(0.03875 0.02 0.004)
(0.039375 0.02 0.004)
(0.04 0.02 0.004)
(0.040625 0.02 0.004)
(0.0375 0.015 0.006)
(0.038125 0.015 0.006)
(0.03875 0.015 0.006)
(0.039375 0.015 0.006)
(0.04 0.015 0.006)
(0.040625 0.015 0.006)
(0.0375 0.01625 0.006)
(0.038125 0.01625 0.006)
(0.03875 0.01625 0.006)
(0.039375 0.01625 0.006)
(0.04 0.01625 0.006)
(0.040625 0.01625 0.006)
(0.0375 0.0175 0.006)
(0.038125 0.0175 0.006)
(0.03875 0.0175 0.006)
(0.039375 0.0175 0.006)
(0.04 0.0175 0.006)
(0.040625 0.0175 0.006)
(0.0375 0.01875 0.006)
(0.038125 0.01875 0.006)
(0.03875 0.01875 0.006)
(0.039375 0.01875 0.006)
(0.04 0.01875 0.006)
(0.040625 0.01875 0.006)
(0.0375 0.02 0.006)
(0.038125 0.02 0.006)
(0.03875 0.02 0.006)
(0.039375 0.02 0.006)
(0.04 0.02 0.006)
(0.040625 0.02 0.006)
(0.0375 0.015 0.008)
(0.038125 0.015 0.008)
(0.03875 0.015 0.008)
(0.039375 0.015 0.008)
(0.04 0.015 0.008)
(0.040625 0.015 0.008)
(0.0375 0.01625 0.008)
(0.038125 0.01625 0.008)
(0.03875 0.01625 0.008)
(0.039375 0.01625 0.008)
(0.04 0.01625 0.008)
(0.040625 0.01625 0.008)
(0.0375 0.0175 0.008)
(0.038125 0.0175 0.008)
(0.03875 0.0175 0.008)
(0.039375 0.0175 0.008)
(0.04 0.0175 0.008)
(0.040625 0.0175 0.008)
(0.0375 0.01875 0.008)
(0.038125 0.01875 0.008)
(0.03875 0.01875 0.008)
(0.039375 0.01875 0.008)
(0.04 0.01875 0.008)
(0.040625 0.01875 0.008)
(0.0375 0.02 0.008)
(0.038125 0.02 0.008)
(0.03875 0.02 0.008)
(0.039375 0.02 0.008)
(0.04 0.02 0.008)
(0.040625 0.02 0.008)
(0.0375 0.015 0.01)
(0.038125 0.015 0.01)
(0.03875 0.015 0.01)
(0.039375 0.015 0.01)
(0.04 0.015 0.01)
(0.040625 0.015 0.01)
(0.0375 0.01625 0.01)
(0.038125 0.01625 0.01)
(0.03875 0.01625 0.01)
(0.039375 0.01625 0.01)
(0.04 0.01625 0.01)
(0.040625 0.01625 0.01)
(0.0375 0.0175 0.01)
(0.038125 0.0175 0.01)
(0.03875 0.0175 0.01)
(0.039375 0.0175 0.01)
(0.04 0.0175 0.01)
(0.040625 0.0175 0.01)
(0.0375 0.01875 0.01)
(0.038125 0.01875 0.01)
(0.03875 0.01875 0.01)
(0.039375 0.01875 0.01)
(0.04 0.01875 0.01)
(0.040625 0.01875 0.01)
(0.0375 0.02 0.01)
(0.038125 0.02 0.01)
(0.03875 0.02 0.01)
(0.039375 0.02 0.01)
(0.04 0.02 0.01)
(0.040625 0.02 0.01)
)


// ************************************************************************* //
