/*--------------------------------*- C++ -*----------------------------------*\
| =========                 |                                                 |
| \\      /  F ield         | OpenFOAM: The Open Source CFD Toolbox           |
|  \\    /   O peration     | Version:  2.4.0                                 |
|   \\  /    A nd           | Web:      www.OpenFOAM.org                      |
|    \\/     M anipulation  |                                                 |
\*---------------------------------------------------------------------------*/
FoamFile
{
    version     2.0;
    format      ascii;
    class       vectorField;
    location    "constant/polyMesh";
    object      points;
}
// * * * * * * * * * * * * * * * * * * * * * * * * * * * * * * * * * * * * * //


90
(
(0.003125 0 0.006)
(0.00375 0 0.006)
(0.004375 0 0.006)
(0.005 0 0.006)
(0.005625 0 0.006)
(0.00625 0 0.006)
(0.003125 0.00125 0.006)
(0.00375 0.00125 0.006)
(0.004375 0.00125 0.006)
(0.005 0.00125 0.006)
(0.005625 0.00125 0.006)
(0.00625 0.00125 0.006)
(0.003125 0.0025 0.006)
(0.00375 0.0025 0.006)
(0.004375 0.0025 0.006)
(0.005 0.0025 0.006)
(0.005625 0.0025 0.006)
(0.00625 0.0025 0.006)
(0.003125 0.00375 0.006)
(0.00375 0.00375 0.006)
(0.004375 0.00375 0.006)
(0.005 0.00375 0.006)
(0.005625 0.00375 0.006)
(0.00625 0.00375 0.006)
(0.003125 0.005 0.006)
(0.00375 0.005 0.006)
(0.004375 0.005 0.006)
(0.005 0.005 0.006)
(0.005625 0.005 0.006)
(0.00625 0.005 0.006)
(0.003125 0 0.008)
(0.00375 0 0.008)
(0.004375 0 0.008)
(0.005 0 0.008)
(0.005625 0 0.008)
(0.00625 0 0.008)
(0.003125 0.00125 0.008)
(0.00375 0.00125 0.008)
(0.004375 0.00125 0.008)
(0.005 0.00125 0.008)
(0.005625 0.00125 0.008)
(0.00625 0.00125 0.008)
(0.003125 0.0025 0.008)
(0.00375 0.0025 0.008)
(0.004375 0.0025 0.008)
(0.005 0.0025 0.008)
(0.005625 0.0025 0.008)
(0.00625 0.0025 0.008)
(0.003125 0.00375 0.008)
(0.00375 0.00375 0.008)
(0.004375 0.00375 0.008)
(0.005 0.00375 0.008)
(0.005625 0.00375 0.008)
(0.00625 0.00375 0.008)
(0.003125 0.005 0.008)
(0.00375 0.005 0.008)
(0.004375 0.005 0.008)
(0.005 0.005 0.008)
(0.005625 0.005 0.008)
(0.00625 0.005 0.008)
(0.003125 0 0.01)
(0.00375 0 0.01)
(0.004375 0 0.01)
(0.005 0 0.01)
(0.005625 0 0.01)
(0.00625 0 0.01)
(0.003125 0.00125 0.01)
(0.00375 0.00125 0.01)
(0.004375 0.00125 0.01)
(0.005 0.00125 0.01)
(0.005625 0.00125 0.01)
(0.00625 0.00125 0.01)
(0.003125 0.0025 0.01)
(0.00375 0.0025 0.01)
(0.004375 0.0025 0.01)
(0.005 0.0025 0.01)
(0.005625 0.0025 0.01)
(0.00625 0.0025 0.01)
(0.003125 0.00375 0.01)
(0.00375 0.00375 0.01)
(0.004375 0.00375 0.01)
(0.005 0.00375 0.01)
(0.005625 0.00375 0.01)
(0.00625 0.00375 0.01)
(0.003125 0.005 0.01)
(0.00375 0.005 0.01)
(0.004375 0.005 0.01)
(0.005 0.005 0.01)
(0.005625 0.005 0.01)
(0.00625 0.005 0.01)
)


// ************************************************************************* //
