/*--------------------------------*- C++ -*----------------------------------*\
| =========                 |                                                 |
| \\      /  F ield         | OpenFOAM: The Open Source CFD Toolbox           |
|  \\    /   O peration     | Version:  2.4.0                                 |
|   \\  /    A nd           | Web:      www.OpenFOAM.org                      |
|    \\/     M anipulation  |                                                 |
\*---------------------------------------------------------------------------*/
FoamFile
{
    version     2.0;
    format      ascii;
    class       labelList;
    location    "constant/polyMesh";
    object      cellProcAddressing;
}
// * * * * * * * * * * * * * * * * * * * * * * * * * * * * * * * * * * * * * //


200
(
10
11
12
13
14
15
16
17
18
19
90
91
92
93
94
95
96
97
98
99
170
171
172
173
174
175
176
177
178
179
250
251
252
253
254
255
256
257
258
259
1290
1291
1292
1293
1294
1295
1296
1297
1298
1299
1370
1371
1372
1373
1374
1375
1376
1377
1378
1379
1450
1451
1452
1453
1454
1455
1456
1457
1458
1459
1530
1531
1532
1533
1534
1535
1536
1537
1538
1539
2570
2571
2572
2573
2574
2575
2576
2577
2578
2579
2650
2651
2652
2653
2654
2655
2656
2657
2658
2659
2730
2731
2732
2733
2734
2735
2736
2737
2738
2739
2810
2811
2812
2813
2814
2815
2816
2817
2818
2819
3850
3851
3852
3853
3854
3855
3856
3857
3858
3859
3930
3931
3932
3933
3934
3935
3936
3937
3938
3939
4010
4011
4012
4013
4014
4015
4016
4017
4018
4019
4090
4091
4092
4093
4094
4095
4096
4097
4098
4099
5130
5131
5132
5133
5134
5135
5136
5137
5138
5139
5210
5211
5212
5213
5214
5215
5216
5217
5218
5219
5290
5291
5292
5293
5294
5295
5296
5297
5298
5299
5370
5371
5372
5373
5374
5375
5376
5377
5378
5379
)


// ************************************************************************* //
