/*--------------------------------*- C++ -*----------------------------------*\
| =========                 |                                                 |
| \\      /  F ield         | OpenFOAM: The Open Source CFD Toolbox           |
|  \\    /   O peration     | Version:  2.4.0                                 |
|   \\  /    A nd           | Web:      www.OpenFOAM.org                      |
|    \\/     M anipulation  |                                                 |
\*---------------------------------------------------------------------------*/
FoamFile
{
    version     2.0;
    format      ascii;
    class       vectorField;
    location    "constant/polyMesh";
    object      points;
}
// * * * * * * * * * * * * * * * * * * * * * * * * * * * * * * * * * * * * * //


120
(
(0 0 0)
(0.000625 0 0)
(0.00125 0 0)
(0.001875 0 0)
(0.0025 0 0)
(0.003125 0 0)
(0 0.00125 0)
(0.000625 0.00125 0)
(0.00125 0.00125 0)
(0.001875 0.00125 0)
(0.0025 0.00125 0)
(0.003125 0.00125 0)
(0 0.0025 0)
(0.000625 0.0025 0)
(0.00125 0.0025 0)
(0.001875 0.0025 0)
(0.0025 0.0025 0)
(0.003125 0.0025 0)
(0 0.00375 0)
(0.000625 0.00375 0)
(0.00125 0.00375 0)
(0.001875 0.00375 0)
(0.0025 0.00375 0)
(0.003125 0.00375 0)
(0 0.005 0)
(0.000625 0.005 0)
(0.00125 0.005 0)
(0.001875 0.005 0)
(0.0025 0.005 0)
(0.003125 0.005 0)
(0 0 0.002)
(0.000625 0 0.002)
(0.00125 0 0.002)
(0.001875 0 0.002)
(0.0025 0 0.002)
(0.003125 0 0.002)
(0 0.00125 0.002)
(0.000625 0.00125 0.002)
(0.00125 0.00125 0.002)
(0.001875 0.00125 0.002)
(0.0025 0.00125 0.002)
(0.003125 0.00125 0.002)
(0 0.0025 0.002)
(0.000625 0.0025 0.002)
(0.00125 0.0025 0.002)
(0.001875 0.0025 0.002)
(0.0025 0.0025 0.002)
(0.003125 0.0025 0.002)
(0 0.00375 0.002)
(0.000625 0.00375 0.002)
(0.00125 0.00375 0.002)
(0.001875 0.00375 0.002)
(0.0025 0.00375 0.002)
(0.003125 0.00375 0.002)
(0 0.005 0.002)
(0.000625 0.005 0.002)
(0.00125 0.005 0.002)
(0.001875 0.005 0.002)
(0.0025 0.005 0.002)
(0.003125 0.005 0.002)
(0 0 0.004)
(0.000625 0 0.004)
(0.00125 0 0.004)
(0.001875 0 0.004)
(0.0025 0 0.004)
(0.003125 0 0.004)
(0 0.00125 0.004)
(0.000625 0.00125 0.004)
(0.00125 0.00125 0.004)
(0.001875 0.00125 0.004)
(0.0025 0.00125 0.004)
(0.003125 0.00125 0.004)
(0 0.0025 0.004)
(0.000625 0.0025 0.004)
(0.00125 0.0025 0.004)
(0.001875 0.0025 0.004)
(0.0025 0.0025 0.004)
(0.003125 0.0025 0.004)
(0 0.00375 0.004)
(0.000625 0.00375 0.004)
(0.00125 0.00375 0.004)
(0.001875 0.00375 0.004)
(0.0025 0.00375 0.004)
(0.003125 0.00375 0.004)
(0 0.005 0.004)
(0.000625 0.005 0.004)
(0.00125 0.005 0.004)
(0.001875 0.005 0.004)
(0.0025 0.005 0.004)
(0.003125 0.005 0.004)
(0 0 0.006)
(0.000625 0 0.006)
(0.00125 0 0.006)
(0.001875 0 0.006)
(0.0025 0 0.006)
(0.003125 0 0.006)
(0 0.00125 0.006)
(0.000625 0.00125 0.006)
(0.00125 0.00125 0.006)
(0.001875 0.00125 0.006)
(0.0025 0.00125 0.006)
(0.003125 0.00125 0.006)
(0 0.0025 0.006)
(0.000625 0.0025 0.006)
(0.00125 0.0025 0.006)
(0.001875 0.0025 0.006)
(0.0025 0.0025 0.006)
(0.003125 0.0025 0.006)
(0 0.00375 0.006)
(0.000625 0.00375 0.006)
(0.00125 0.00375 0.006)
(0.001875 0.00375 0.006)
(0.0025 0.00375 0.006)
(0.003125 0.00375 0.006)
(0 0.005 0.006)
(0.000625 0.005 0.006)
(0.00125 0.005 0.006)
(0.001875 0.005 0.006)
(0.0025 0.005 0.006)
(0.003125 0.005 0.006)
)


// ************************************************************************* //
