/*--------------------------------*- C++ -*----------------------------------*\
| =========                 |                                                 |
| \\      /  F ield         | OpenFOAM: The Open Source CFD Toolbox           |
|  \\    /   O peration     | Version:  2.4.0                                 |
|   \\  /    A nd           | Web:      www.OpenFOAM.org                      |
|    \\/     M anipulation  |                                                 |
\*---------------------------------------------------------------------------*/
FoamFile
{
    version     2.0;
    format      ascii;
    class       labelList;
    location    "constant/polyMesh";
    object      faceProcAddressing;
}
// * * * * * * * * * * * * * * * * * * * * * * * * * * * * * * * * * * * * * //


227
(
2884
2885
2886
2887
2888
2889
2890
2891
2892
2893
2894
2895
2897
2898
3123
3124
3125
3126
3127
3128
3129
3130
3131
3132
3133
3134
3136
3137
3362
3363
3364
3365
3366
3367
3368
3369
3370
3371
3372
3373
3375
3376
3596
3597
3598
3599
3600
3601
3602
3603
3605
6628
6629
6630
6631
6632
6633
6634
6635
6636
6637
6638
6639
6641
6642
6867
6868
6869
6870
6871
6872
6873
6874
6875
6876
6877
6878
6880
6881
7106
7107
7108
7109
7110
7111
7112
7113
7114
7115
7116
7117
7119
7120
7340
7341
7342
7343
7344
7345
7346
7347
7349
10372
10373
10375
10376
10378
10379
10381
10382
10385
10611
10612
10614
10615
10617
10618
10620
10621
10624
10850
10851
10853
10854
10856
10857
10859
10860
10863
11084
11086
11088
11090
17693
17694
17695
17696
17709
17710
17711
17712
17725
17726
17727
17728
17741
17742
17743
17744
17757
17758
17759
17760
20586
20587
20588
20591
20592
20593
20596
20597
20598
20601
20602
20603
20606
20607
20608
-2646
-2649
-2652
-2655
-2658
-6390
-6393
-6396
-6399
-6402
-10134
-10137
-10140
-10143
-10146
-2881
-3120
-3359
-3594
-6625
-6864
-7103
-7338
-10369
-10608
-10847
-11082
2896
3135
3374
3604
6640
6879
7118
7348
10384
10623
10862
11092
10374
10377
10380
10383
10386
10613
10616
10619
10622
10625
10852
10855
10858
10861
10864
11085
11087
11089
11091
11093
)


// ************************************************************************* //
