/*--------------------------------*- C++ -*----------------------------------*\
| =========                 |                                                 |
| \\      /  F ield         | OpenFOAM: The Open Source CFD Toolbox           |
|  \\    /   O peration     | Version:  2.4.0                                 |
|   \\  /    A nd           | Web:      www.OpenFOAM.org                      |
|    \\/     M anipulation  |                                                 |
\*---------------------------------------------------------------------------*/
FoamFile
{
    version     2.0;
    format      ascii;
    class       vectorField;
    location    "constant/polyMesh";
    object      points;
}
// * * * * * * * * * * * * * * * * * * * * * * * * * * * * * * * * * * * * * //


90
(
(0.03125 0.015 0)
(0.031875 0.015 0)
(0.0325 0.015 0)
(0.033125 0.015 0)
(0.03375 0.015 0)
(0.034375 0.015 0)
(0.03125 0.01625 0)
(0.031875 0.01625 0)
(0.0325 0.01625 0)
(0.033125 0.01625 0)
(0.03375 0.01625 0)
(0.034375 0.01625 0)
(0.03125 0.0175 0)
(0.031875 0.0175 0)
(0.0325 0.0175 0)
(0.033125 0.0175 0)
(0.03375 0.0175 0)
(0.034375 0.0175 0)
(0.03125 0.01875 0)
(0.031875 0.01875 0)
(0.0325 0.01875 0)
(0.033125 0.01875 0)
(0.03375 0.01875 0)
(0.034375 0.01875 0)
(0.03125 0.02 0)
(0.031875 0.02 0)
(0.0325 0.02 0)
(0.033125 0.02 0)
(0.03375 0.02 0)
(0.034375 0.02 0)
(0.03125 0.015 0.002)
(0.031875 0.015 0.002)
(0.0325 0.015 0.002)
(0.033125 0.015 0.002)
(0.03375 0.015 0.002)
(0.034375 0.015 0.002)
(0.03125 0.01625 0.002)
(0.031875 0.01625 0.002)
(0.0325 0.01625 0.002)
(0.033125 0.01625 0.002)
(0.03375 0.01625 0.002)
(0.034375 0.01625 0.002)
(0.03125 0.0175 0.002)
(0.031875 0.0175 0.002)
(0.0325 0.0175 0.002)
(0.033125 0.0175 0.002)
(0.03375 0.0175 0.002)
(0.034375 0.0175 0.002)
(0.03125 0.01875 0.002)
(0.031875 0.01875 0.002)
(0.0325 0.01875 0.002)
(0.033125 0.01875 0.002)
(0.03375 0.01875 0.002)
(0.034375 0.01875 0.002)
(0.03125 0.02 0.002)
(0.031875 0.02 0.002)
(0.0325 0.02 0.002)
(0.033125 0.02 0.002)
(0.03375 0.02 0.002)
(0.034375 0.02 0.002)
(0.03125 0.015 0.004)
(0.031875 0.015 0.004)
(0.0325 0.015 0.004)
(0.033125 0.015 0.004)
(0.03375 0.015 0.004)
(0.034375 0.015 0.004)
(0.03125 0.01625 0.004)
(0.031875 0.01625 0.004)
(0.0325 0.01625 0.004)
(0.033125 0.01625 0.004)
(0.03375 0.01625 0.004)
(0.034375 0.01625 0.004)
(0.03125 0.0175 0.004)
(0.031875 0.0175 0.004)
(0.0325 0.0175 0.004)
(0.033125 0.0175 0.004)
(0.03375 0.0175 0.004)
(0.034375 0.0175 0.004)
(0.03125 0.01875 0.004)
(0.031875 0.01875 0.004)
(0.0325 0.01875 0.004)
(0.033125 0.01875 0.004)
(0.03375 0.01875 0.004)
(0.034375 0.01875 0.004)
(0.03125 0.02 0.004)
(0.031875 0.02 0.004)
(0.0325 0.02 0.004)
(0.033125 0.02 0.004)
(0.03375 0.02 0.004)
(0.034375 0.02 0.004)
)


// ************************************************************************* //
