/*--------------------------------*- C++ -*----------------------------------*\
| =========                 |                                                 |
| \\      /  F ield         | OpenFOAM: The Open Source CFD Toolbox           |
|  \\    /   O peration     | Version:  2.4.0                                 |
|   \\  /    A nd           | Web:      www.OpenFOAM.org                      |
|    \\/     M anipulation  |                                                 |
\*---------------------------------------------------------------------------*/
FoamFile
{
    version     2.0;
    format      ascii;
    class       labelList;
    location    "constant/polyMesh";
    object      pointProcAddressing;
}
// * * * * * * * * * * * * * * * * * * * * * * * * * * * * * * * * * * * * * //


330
(
1022
1023
1024
1025
1026
1027
1028
1029
1030
1031
1032
1103
1104
1105
1106
1107
1108
1109
1110
1111
1112
1113
1184
1185
1186
1187
1188
1189
1190
1191
1192
1193
1194
1265
1266
1267
1268
1269
1270
1271
1272
1273
1274
1275
1346
1347
1348
1349
1350
1351
1352
1353
1354
1355
1356
2399
2400
2401
2402
2403
2404
2405
2406
2407
2408
2409
2480
2481
2482
2483
2484
2485
2486
2487
2488
2489
2490
2561
2562
2563
2564
2565
2566
2567
2568
2569
2570
2571
2642
2643
2644
2645
2646
2647
2648
2649
2650
2651
2652
2723
2724
2725
2726
2727
2728
2729
2730
2731
2732
2733
3776
3777
3778
3779
3780
3781
3782
3783
3784
3785
3786
3857
3858
3859
3860
3861
3862
3863
3864
3865
3866
3867
3938
3939
3940
3941
3942
3943
3944
3945
3946
3947
3948
4019
4020
4021
4022
4023
4024
4025
4026
4027
4028
4029
4100
4101
4102
4103
4104
4105
4106
4107
4108
4109
4110
5153
5154
5155
5156
5157
5158
5159
5160
5161
5162
5163
5234
5235
5236
5237
5238
5239
5240
5241
5242
5243
5244
5315
5316
5317
5318
5319
5320
5321
5322
5323
5324
5325
5396
5397
5398
5399
5400
5401
5402
5403
5404
5405
5406
5477
5478
5479
5480
5481
5482
5483
5484
5485
5486
5487
6530
6531
6532
6533
6534
6535
6536
6537
6538
6539
6540
6611
6612
6613
6614
6615
6616
6617
6618
6619
6620
6621
6692
6693
6694
6695
6696
6697
6698
6699
6700
6701
6702
6773
6774
6775
6776
6777
6778
6779
6780
6781
6782
6783
6854
6855
6856
6857
6858
6859
6860
6861
6862
6863
6864
7907
7908
7909
7910
7911
7912
7913
7914
7915
7916
7917
7988
7989
7990
7991
7992
7993
7994
7995
7996
7997
7998
8069
8070
8071
8072
8073
8074
8075
8076
8077
8078
8079
8150
8151
8152
8153
8154
8155
8156
8157
8158
8159
8160
8231
8232
8233
8234
8235
8236
8237
8238
8239
8240
8241
)


// ************************************************************************* //
