/*--------------------------------*- C++ -*----------------------------------*\
| =========                 |                                                 |
| \\      /  F ield         | OpenFOAM: The Open Source CFD Toolbox           |
|  \\    /   O peration     | Version:  2.4.0                                 |
|   \\  /    A nd           | Web:      www.OpenFOAM.org                      |
|    \\/     M anipulation  |                                                 |
\*---------------------------------------------------------------------------*/
FoamFile
{
    version     2.0;
    format      ascii;
    class       labelList;
    location    "constant/polyMesh";
    object      pointProcAddressing;
}
// * * * * * * * * * * * * * * * * * * * * * * * * * * * * * * * * * * * * * //


330
(
364
365
366
367
368
369
370
371
372
373
374
445
446
447
448
449
450
451
452
453
454
455
526
527
528
529
530
531
532
533
534
535
536
607
608
609
610
611
612
613
614
615
616
617
688
689
690
691
692
693
694
695
696
697
698
1741
1742
1743
1744
1745
1746
1747
1748
1749
1750
1751
1822
1823
1824
1825
1826
1827
1828
1829
1830
1831
1832
1903
1904
1905
1906
1907
1908
1909
1910
1911
1912
1913
1984
1985
1986
1987
1988
1989
1990
1991
1992
1993
1994
2065
2066
2067
2068
2069
2070
2071
2072
2073
2074
2075
3118
3119
3120
3121
3122
3123
3124
3125
3126
3127
3128
3199
3200
3201
3202
3203
3204
3205
3206
3207
3208
3209
3280
3281
3282
3283
3284
3285
3286
3287
3288
3289
3290
3361
3362
3363
3364
3365
3366
3367
3368
3369
3370
3371
3442
3443
3444
3445
3446
3447
3448
3449
3450
3451
3452
4495
4496
4497
4498
4499
4500
4501
4502
4503
4504
4505
4576
4577
4578
4579
4580
4581
4582
4583
4584
4585
4586
4657
4658
4659
4660
4661
4662
4663
4664
4665
4666
4667
4738
4739
4740
4741
4742
4743
4744
4745
4746
4747
4748
4819
4820
4821
4822
4823
4824
4825
4826
4827
4828
4829
5872
5873
5874
5875
5876
5877
5878
5879
5880
5881
5882
5953
5954
5955
5956
5957
5958
5959
5960
5961
5962
5963
6034
6035
6036
6037
6038
6039
6040
6041
6042
6043
6044
6115
6116
6117
6118
6119
6120
6121
6122
6123
6124
6125
6196
6197
6198
6199
6200
6201
6202
6203
6204
6205
6206
7249
7250
7251
7252
7253
7254
7255
7256
7257
7258
7259
7330
7331
7332
7333
7334
7335
7336
7337
7338
7339
7340
7411
7412
7413
7414
7415
7416
7417
7418
7419
7420
7421
7492
7493
7494
7495
7496
7497
7498
7499
7500
7501
7502
7573
7574
7575
7576
7577
7578
7579
7580
7581
7582
7583
)


// ************************************************************************* //
