/*--------------------------------*- C++ -*----------------------------------*\
| =========                 |                                                 |
| \\      /  F ield         | OpenFOAM: The Open Source CFD Toolbox           |
|  \\    /   O peration     | Version:  2.4.0                                 |
|   \\  /    A nd           | Web:      www.OpenFOAM.org                      |
|    \\/     M anipulation  |                                                 |
\*---------------------------------------------------------------------------*/
FoamFile
{
    version     2.0;
    format      ascii;
    class       labelList;
    location    "constant/polyMesh";
    object      faceProcAddressing;
}
// * * * * * * * * * * * * * * * * * * * * * * * * * * * * * * * * * * * * * //


227
(
8655
8656
8657
8658
8659
8660
8661
8662
8663
8664
8665
8666
8668
8669
8894
8895
8896
8897
8898
8899
8900
8901
8902
8903
8904
8905
8907
8908
9133
9134
9135
9136
9137
9138
9139
9140
9141
9142
9143
9144
9146
9147
9372
9374
9375
9377
9378
9380
9381
9383
9386
12399
12400
12401
12402
12403
12404
12405
12406
12407
12408
12409
12410
12412
12413
12638
12639
12640
12641
12642
12643
12644
12645
12646
12647
12648
12649
12651
12652
12877
12878
12879
12880
12881
12882
12883
12884
12885
12886
12887
12888
12890
12891
13116
13118
13119
13121
13122
13124
13125
13127
13130
15753
15754
15755
15756
15757
15758
15759
15760
15762
15912
15913
15914
15915
15916
15917
15918
15919
15921
16071
16072
16073
16074
16075
16076
16077
16078
16080
16230
16232
16234
16236
20005
20006
20007
20008
20021
20022
20023
20024
20037
20038
20039
20040
20053
20054
20055
20056
20069
20070
20071
20072
-4913
-4916
-4919
-4922
-4925
-5152
-5155
-5158
-5161
-5164
-5391
-5394
-5397
-5400
-5403
-5630
-5633
-5636
-5639
-5642
-8417
-8420
-8423
-8426
-8429
-12161
-12164
-12167
-12170
-12173
-15595
-15597
-15599
-15601
-15603
-8652
-8891
-9130
-9369
-12396
-12635
-12874
-13113
-15751
-15910
-16069
-16228
8667
8906
9145
9384
12411
12650
12889
13128
15761
15920
16079
16238
9373
9376
9379
9382
9385
13117
13120
13123
13126
13129
16231
16233
16235
16237
16239
)


// ************************************************************************* //
