/*--------------------------------*- C++ -*----------------------------------*\
| =========                 |                                                 |
| \\      /  F ield         | OpenFOAM: The Open Source CFD Toolbox           |
|  \\    /   O peration     | Version:  2.4.0                                 |
|   \\  /    A nd           | Web:      www.OpenFOAM.org                      |
|    \\/     M anipulation  |                                                 |
\*---------------------------------------------------------------------------*/
FoamFile
{
    version     2.0;
    format      ascii;
    class       volSymmTensorField;
    location    "0.08";
    object      B;
}
// * * * * * * * * * * * * * * * * * * * * * * * * * * * * * * * * * * * * * //

dimensions      [0 2 -2 0 0 0 0];

internalField   nonuniform List<symmTensor> 
200
(
(7.36696e+10 2.47552e+10 8.47231e+09 7.56942e+10 5.29149e+09 6.21781e+10)
(1.93373e+10 4.48078e+09 -1.76098e+09 2.37391e+10 4.73074e+09 2.56737e+10)
(1.08233e+11 -8.97943e+09 -9.36082e+09 1.28132e+11 5.25684e+09 1.1628e+11)
(2.16195e+10 -1.08344e+09 -4.43434e+09 2.62415e+10 6.48283e+08 2.06177e+10)
(4.66818e+10 5.93279e+09 -4.25104e+09 4.44521e+10 3.09481e+09 4.43668e+10)
(1.21127e+10 2.86611e+09 -3.35433e+09 1.18558e+10 1.72115e+09 1.08421e+10)
(8.84634e+09 2.21393e+09 -8.72526e+08 1.21307e+10 2.72243e+09 5.38485e+09)
(1.68735e+10 2.56171e+09 -4.78607e+09 2.02868e+10 4.11024e+09 1.4018e+10)
(1.44874e+10 1.95752e+09 -2.73121e+09 1.99144e+10 4.71878e+09 1.39292e+10)
(2.63724e+10 5.08992e+09 -8.78591e+09 3.38527e+10 7.64894e+09 2.80923e+10)
(2.1297e+10 2.73276e+09 -3.50888e+09 1.83072e+10 4.83747e+09 1.62891e+10)
(4.28011e+10 1.11285e+10 4.68007e+09 6.24011e+09 -6.4328e+08 1.78036e+10)
(2.09182e+10 4.75632e+09 -1.19536e+09 2.15821e+10 4.31545e+09 2.38397e+10)
(3.43189e+10 -1.24693e+10 -8.36771e+09 5.95064e+10 7.88588e+09 4.39533e+10)
(1.24831e+10 -1.67593e+09 -5.98814e+09 1.45699e+10 4.90543e+08 1.15659e+10)
(1.3948e+11 7.29222e+09 -5.76481e+09 1.4472e+11 3.10792e+09 1.57554e+11)
(1.32684e+10 5.17569e+09 -2.17745e+09 1.58539e+10 4.20763e+09 1.47513e+10)
(1.52838e+10 2.7693e+09 -5.8758e+08 1.61344e+10 4.12315e+09 1.16125e+10)
(2.81863e+10 5.45713e+09 -5.40295e+09 3.17631e+10 6.95335e+09 2.73862e+10)
(1.75027e+10 2.60165e+09 -2.66602e+09 2.14594e+10 4.19419e+09 1.73167e+10)
(2.92582e+10 9.75031e+09 -1.09384e+09 1.26411e+10 -8.36563e+08 1.98122e+10)
(2.39386e+10 2.88987e+09 -3.21759e+09 1.96604e+10 2.92523e+09 1.93056e+10)
(1.5533e+10 -2.37333e+09 3.29057e+08 3.70378e+08 1.66769e+09 2.17492e+09)
(1.49811e+09 4.07839e+08 -1.6306e+09 1.04356e+09 2.06499e+09 2.34204e+09)
(4.67889e+08 9.0906e+07 -1.75805e+09 2.22935e+10 2.45583e+09 5.55049e+09)
(2.02596e+10 4.54788e+09 -1.6836e+09 2.15794e+10 4.62645e+09 1.71877e+10)
(3.33948e+10 6.7264e+09 -4.16679e+09 3.73173e+10 4.5405e+09 3.90926e+10)
(2.80998e+10 8.47549e+09 -3.50839e+09 3.14206e+10 7.53541e+09 2.92454e+10)
(2.24604e+10 4.82013e+09 -1.91821e+09 2.29349e+10 4.90073e+09 1.76204e+10)
(5.1461e+10 9.1709e+09 -6.60924e+09 5.3394e+10 6.99181e+09 4.88923e+10)
(2.39665e+10 1.92324e+09 -9.30965e+09 2.00283e+10 2.71127e+09 2.04692e+10)
(2.95515e+10 4.47051e+09 1.12971e+09 2.3255e+10 1.10475e+09 2.29405e+10)
(2.00647e+10 1.36756e+09 -5.99379e+08 1.71997e+10 1.57539e+09 1.77807e+10)
(5.93969e+09 -1.38906e+08 -4.58649e+08 4.84761e+09 1.7393e+09 6.75196e+08)
(1.83974e+10 2.73005e+09 1.73393e+08 1.79842e+10 4.07762e+09 1.59537e+10)
(5.88658e+09 3.42283e+09 -5.24375e+08 8.97039e+09 2.01348e+09 4.40903e+09)
(2.10483e+10 7.22491e+09 -1.31939e+09 2.33902e+10 6.65376e+09 1.9969e+10)
(2.51816e+10 5.80098e+09 -1.8591e+09 2.37679e+10 4.85172e+09 2.01855e+10)
(5.52436e+10 1.18673e+10 -1.80633e+09 5.03096e+10 1.07686e+10 4.14699e+10)
(6.16478e+10 9.85258e+09 3.87446e+09 6.00692e+10 1.01988e+10 5.15768e+10)
(7.17821e+08 1.71999e+08 -1.45655e+08 7.67738e+08 -4.68267e+07 7.34447e+08)
(1.00304e+10 -1.49212e+08 -4.18068e+08 1.0969e+10 -7.17046e+08 9.07696e+09)
(3.2219e+09 -1.81572e+07 -4.71228e+07 4.18656e+09 -3.02353e+08 3.60214e+09)
(2.30688e+09 7.55376e+08 1.45e+09 3.04372e+09 6.83e+08 1.99736e+09)
(6.43505e+09 2.61599e+09 1.76836e+09 5.31914e+09 -2.84236e+09 6.71361e+09)
(5.80283e+10 2.59744e+09 -1.82896e+09 5.54139e+10 7.42021e+09 5.78995e+10)
(1.80566e+10 1.28018e+07 -3.21509e+09 2.13431e+10 1.76094e+09 1.93054e+10)
(4.73187e+09 1.24082e+09 3.96909e+08 8.12529e+09 -9.94392e+08 5.24649e+09)
(5.45101e+09 2.62042e+09 7.69502e+08 1.00671e+10 -8.65578e+08 7.52158e+09)
(3.59789e+09 9.97934e+08 5.74555e+08 7.23916e+09 -9.39885e+08 4.70569e+09)
(5.75479e+09 2.63145e+09 -6.15492e+08 2.17124e+09 -8.08438e+08 2.09207e+09)
(5.80235e+09 1.18618e+09 -5.19285e+08 5.04918e+09 2.35218e+07 5.16184e+09)
(8.06828e+09 -1.87149e+09 -1.33453e+09 1.24592e+10 -3.66999e+09 4.5089e+09)
(1.03885e+10 -1.06727e+09 -3.96315e+09 1.52343e+10 -1.18366e+09 1.31935e+10)
(2.75418e+11 -6.25786e+09 4.85744e+10 2.69833e+11 3.79825e+08 2.6197e+11)
(2.85097e+10 4.83427e+09 4.95288e+09 2.5854e+10 -3.42314e+09 2.87601e+10)
(3.02901e+11 6.06748e+09 -1.75779e+10 3.06743e+11 1.77214e+09 3.05536e+11)
(1.25002e+10 1.26909e+09 -2.76599e+09 1.50398e+10 6.80625e+08 1.29873e+10)
(8.44717e+09 1.50536e+09 5.68931e+08 1.10778e+10 -1.63273e+09 7.94226e+09)
(4.48618e+09 1.29151e+09 -9.12114e+08 7.2052e+09 -5.68066e+08 6.00178e+09)
(7.05801e+09 -4.84218e+08 -3.45502e+09 1.06022e+10 1.29854e+09 1.00774e+10)
(2.77265e+10 3.48908e+09 -3.30922e+09 2.34426e+10 -1.37493e+09 2.23038e+10)
(9.11455e+09 2.79237e+09 -2.27219e+09 7.33978e+09 -3.57336e+08 8.6813e+09)
(7.81557e+09 -9.07082e+08 5.80434e+09 2.14417e+10 -1.04685e+10 3.26044e+09)
(1.29716e+10 1.40141e+09 -5.41741e+09 1.90794e+10 1.46907e+09 1.65865e+10)
(1.40307e+11 1.01071e+10 1.27052e+10 1.6038e+11 -4.82867e+10 1.27032e+11)
(2.37035e+10 5.01804e+09 2.50456e+09 2.22452e+10 -1.68724e+09 2.15907e+10)
(4.81819e+10 2.89609e+09 -8.85902e+09 5.12301e+10 -1.30962e+09 4.72885e+10)
(6.25089e+10 5.46506e+09 -2.63387e+09 7.13435e+10 -2.87129e+09 6.47376e+10)
(3.55165e+09 1.16569e+09 8.31951e+08 7.65476e+09 -2.75688e+09 2.43229e+09)
(9.44682e+09 3.28727e+09 -1.32932e+09 1.04593e+10 -9.4941e+08 8.83726e+09)
(9.1483e+09 3.10639e+08 -3.55824e+09 8.00236e+09 -5.60314e+08 1.01336e+10)
(2.08363e+10 2.84936e+09 -5.50173e+09 1.66604e+10 -1.41947e+09 1.10603e+10)
(1.07889e+10 2.66171e+09 -3.17772e+09 6.75167e+09 -6.19867e+08 9.0652e+09)
(9.2398e+09 2.86214e+09 4.45502e+09 2.36993e+10 -8.49324e+09 8.89976e+09)
(1.62381e+10 4.08169e+09 -2.19642e+09 1.71776e+10 8.61077e+08 1.57812e+10)
(2.88441e+10 6.65753e+09 -4.72567e+09 3.86886e+10 -7.44522e+09 3.28291e+10)
(2.19586e+11 1.5971e+10 -1.22269e+10 2.07079e+11 -7.54612e+09 1.98756e+11)
(2.70352e+10 5.4168e+09 -3.21744e+09 3.15176e+10 5.99123e+08 2.27124e+10)
(-8.78404e+09 -1.43448e+09 -3.82858e+09 1.38495e+10 -7.94541e+09 1.55907e+10)
(-7.34383e+06 6.20416e+06 2.43863e+07 1.16807e+08 1.65863e+07 5.05827e+06)
(1.45577e+09 6.04721e+07 3.37376e+07 1.91923e+09 2.13841e+07 2.28223e+09)
(2.17062e+08 -4.27851e+07 1.74436e+07 4.23254e+08 1.02313e+08 3.8127e+08)
(1.70696e+09 -1.17955e+08 2.19992e+08 2.63999e+09 8.79272e+07 3.11532e+09)
(5.43148e+07 -1.15927e+08 -2.99514e+07 1.16581e+08 4.4677e+07 -7.35458e+07)
(2.6112e+09 4.85605e+08 -1.26472e+09 3.24209e+09 -2.55981e+08 2.91189e+09)
(7.5095e+08 1.14707e+09 -4.68644e+07 3.62443e+09 -6.97353e+08 3.33994e+09)
(5.79552e+09 2.01025e+09 1.42467e+08 1.04183e+10 -7.99211e+08 1.17487e+10)
(4.4395e+09 3.08552e+09 1.55411e+09 1.00219e+10 -1.7349e+09 9.92632e+09)
(1.08597e+10 2.65139e+09 1.13528e+09 1.39113e+10 -1.83768e+09 1.43837e+10)
(1.41587e+09 2.86392e+08 -3.26039e+08 1.95606e+09 1.78883e+08 2.46471e+09)
(1.0981e+09 3.09858e+07 -1.12121e+07 1.27026e+09 -1.04868e+08 1.14804e+09)
(1.67056e+09 2.64152e+08 -1.46948e+08 2.94139e+09 -3.98934e+08 3.12604e+09)
(-6.72631e+08 -7.45377e+07 -2.19032e+07 1.1611e+09 -1.4108e+07 2.26696e+08)
(1.37053e+10 2.22424e+08 -4.61456e+07 1.5322e+10 -5.11001e+08 1.68254e+10)
(2.90141e+10 7.73726e+08 -1.19069e+09 2.56286e+10 9.83345e+08 1.2799e+10)
(8.7822e+09 7.50803e+08 -8.08113e+08 8.4304e+09 -1.31939e+09 7.78363e+09)
(1.08793e+10 1.85165e+09 -1.17902e+08 1.50728e+10 -1.1751e+09 1.33864e+10)
(4.29029e+09 2.50917e+09 -3.40165e+08 8.73101e+09 -1.2578e+09 8.16622e+09)
(7.64109e+09 1.27031e+09 2.89596e+09 1.73592e+10 -4.87774e+09 1.41029e+10)
(1.94498e+09 3.05618e+08 -5.1422e+08 2.08584e+09 1.75209e+08 1.50582e+09)
(1.77364e+09 6.79123e+08 -6.58394e+08 2.11192e+09 1.88134e+08 2.62321e+09)
(4.61279e+09 5.04557e+07 4.79931e+07 4.79015e+09 -1.57349e+08 4.72596e+09)
(2.06359e+09 7.98292e+08 -1.16913e+09 4.11018e+09 -8.83886e+08 4.71685e+09)
(-2.54816e+08 7.06165e+08 -2.58252e+08 2.05467e+09 -6.91325e+08 -1.08475e+09)
(1.16749e+10 8.04604e+08 -1.21307e+09 1.3942e+10 -5.1692e+08 1.62376e+10)
(8.92152e+09 1.6938e+09 -2.42392e+09 5.4156e+09 -9.39849e+08 1.02164e+09)
(5.95687e+09 9.03542e+08 -6.86065e+07 4.04412e+09 -2.6775e+09 4.78147e+09)
(8.81946e+09 1.53424e+09 -1.24164e+09 1.39023e+10 -3.58996e+09 1.29859e+10)
(1.9397e+09 1.09828e+09 -1.53176e+08 3.67314e+09 -5.67738e+08 3.40862e+09)
(7.67656e+08 2.93856e+08 -6.03934e+08 3.24447e+08 -2.63701e+08 6.13899e+08)
(1.066e+10 1.1827e+09 -4.32865e+09 1.04876e+10 -4.52102e+08 9.19574e+09)
(3.13856e+09 6.02416e+08 -8.17042e+08 3.17913e+09 1.92489e+08 3.98154e+09)
(2.29915e+10 1.7541e+08 6.91093e+08 2.50485e+10 -1.82883e+09 2.43113e+10)
(9.17965e+08 1.23561e+09 -9.11261e+08 1.71283e+09 -8.77392e+08 3.56733e+09)
(6.42367e+08 -1.66948e+08 5.16792e+07 4.47325e+09 -2.26199e+09 2.21123e+09)
(1.35347e+10 -1.47841e+08 -3.14453e+09 1.52679e+10 -7.02673e+08 1.60916e+10)
(2.85314e+10 3.28768e+09 -4.5817e+09 2.91672e+10 -2.2062e+09 2.86109e+10)
(2.52953e+10 2.445e+09 5.47678e+08 2.53127e+10 -3.62328e+09 2.80272e+10)
(1.36757e+10 4.99569e+08 -4.92744e+09 1.70307e+10 -6.1123e+09 1.4626e+10)
(3.69424e+09 -2.33419e+08 2.66063e+08 2.89579e+09 -4.34445e+08 6.02788e+09)
(1.60985e+09 -4.33326e+08 8.09183e+08 9.13371e+08 -6.43478e+08 3.6682e+09)
(3.68402e+09 -3.3211e+08 5.119e+08 2.89047e+09 -2.44396e+08 4.96432e+09)
(5.06224e+09 -1.69403e+09 1.93988e+09 4.96901e+09 -7.21367e+08 7.54799e+09)
(1.80107e+09 -7.56257e+08 3.17254e+08 1.646e+09 -1.51548e+06 3.31866e+09)
(3.25129e+09 -2.66974e+08 1.22517e+08 4.20701e+09 -5.74645e+08 6.51204e+09)
(2.47109e+09 -2.64791e+08 3.86936e+08 3.3914e+09 -3.92797e+08 5.2064e+09)
(3.21784e+09 -3.9204e+08 3.52992e+09 7.62287e+09 -1.69053e+09 9.85031e+09)
(5.54093e+09 -3.87541e+08 1.44691e+09 7.61921e+09 -1.53166e+09 9.12021e+09)
(5.13328e+09 -1.26981e+09 5.37398e+09 1.48233e+10 -2.83037e+09 1.45961e+10)
(8.41355e+06 9.13387e+06 4.92636e+06 7.06132e+07 3.19188e+06 2.33616e+07)
(1.28801e+09 5.77117e+07 -8.29544e+07 1.67672e+09 -9.0558e+07 2.32121e+09)
(-3.65964e+07 -1.35601e+08 2.31433e+08 1.33537e+08 -1.44952e+08 7.78178e+07)
(1.78774e+09 -1.83178e+08 1.10131e+08 2.09259e+09 -1.81586e+08 2.66791e+09)
(1.68833e+09 -2.15027e+08 4.28608e+08 2.42575e+09 -2.45406e+08 2.41664e+09)
(1.44186e+09 -1.9093e+08 -2.45401e+08 2.11475e+09 -2.54965e+08 3.32924e+09)
(7.61488e+08 3.23561e+08 -4.47724e+08 1.35932e+09 -6.43668e+08 2.34642e+09)
(3.06379e+09 1.81487e+08 -6.3726e+08 4.27495e+09 -1.15731e+09 5.40847e+09)
(3.8159e+09 8.16316e+08 2.55026e+09 1.24358e+10 -3.21529e+09 1.10238e+10)
(5.90315e+09 9.52096e+07 5.29814e+08 8.31406e+09 -2.17973e+09 8.66753e+09)
(1.5447e+09 1.49561e+08 -5.54817e+08 1.80055e+09 1.12629e+08 2.21782e+09)
(8.64447e+08 2.81401e+07 -1.51981e+08 1.22602e+09 -1.05374e+08 1.03023e+09)
(1.80333e+09 9.48026e+07 -4.23299e+08 3.02502e+09 -2.57011e+08 3.57026e+09)
(7.24096e+08 -5.99227e+07 1.21324e+08 1.03911e+09 -1.91999e+08 7.7299e+08)
(3.50087e+09 -3.36787e+08 1.1245e+08 5.60137e+09 -8.4784e+08 6.41232e+09)
(3.84303e+08 -3.33859e+08 -6.01745e+07 5.7409e+08 -3.45874e+08 2.06545e+08)
(8.48309e+09 1.45823e+08 -1.24369e+09 9.52887e+09 -7.50269e+08 1.12082e+10)
(4.131e+09 1.04679e+09 -4.83315e+08 5.33681e+09 -9.67579e+08 5.61877e+09)
(2.44308e+09 7.48032e+08 -4.01789e+08 2.86658e+09 -1.67564e+09 4.06257e+09)
(3.41915e+09 1.32162e+08 1.38261e+09 9.16202e+09 -2.66282e+09 8.03845e+09)
(3.38647e+09 2.25422e+08 -1.08103e+09 3.73894e+09 -6.20924e+07 3.05629e+09)
(9.86386e+08 5.58352e+08 -7.08874e+08 8.80674e+08 8.12505e+06 1.7931e+09)
(4.35212e+09 1.66118e+08 -7.17006e+08 6.30547e+09 -1.30562e+09 6.47262e+09)
(2.09485e+09 1.01514e+08 -4.74814e+08 3.24131e+09 -1.65606e+08 3.67904e+09)
(4.05696e+09 -2.19497e+08 2.65889e+08 4.35309e+09 -5.66788e+08 4.27202e+09)
(-2.77647e+08 -3.78926e+08 -6.03952e+08 1.95989e+09 -4.52456e+08 3.2938e+09)
(-5.14781e+08 4.04641e+08 -5.86771e+08 5.01954e+08 -4.57908e+08 9.97283e+07)
(6.81256e+09 -4.99462e+07 -1.25985e+09 7.29841e+09 -5.46968e+08 9.76497e+09)
(9.31777e+09 5.16125e+08 -3.80859e+08 1.17608e+10 -1.07947e+09 1.22412e+10)
(2.5622e+09 5.16299e+08 5.66545e+06 1.66096e+09 -6.3752e+08 2.90017e+09)
(6.13438e+09 -4.90409e+09 9.58647e+08 2.45838e+09 6.65394e+08 4.18923e+09)
(2.03284e+10 -6.68401e+09 -4.52682e+08 2.05701e+10 -9.71688e+08 1.73874e+10)
(6.24721e+09 -4.61593e+09 1.15716e+09 5.94041e+09 4.83166e+08 5.56766e+09)
(1.08916e+10 -6.39932e+09 -6.1771e+08 1.33241e+10 2.67464e+08 8.98864e+09)
(9.75708e+09 -2.99116e+09 1.78263e+09 1.11388e+10 4.61734e+08 9.40037e+09)
(9.17303e+09 -3.84349e+09 -1.48487e+08 1.07526e+10 -2.54385e+08 7.07121e+09)
(1.3656e+09 -1.70793e+09 2.30252e+08 4.66463e+09 1.1628e+09 1.78874e+09)
(1.85039e+10 -2.19913e+09 -1.04775e+08 2.51676e+10 -3.13278e+09 1.86778e+10)
(1.12259e+10 -1.33254e+09 2.60152e+09 2.18212e+10 2.62029e+09 1.41606e+10)
(5.49783e+10 -4.03086e+09 2.45752e+09 6.81581e+10 -9.50992e+09 5.38231e+10)
(1.77987e+09 -2.52577e+08 -2.31553e+08 1.72705e+09 -4.37122e+08 2.53133e+09)
(1.94281e+09 -3.67707e+08 5.66227e+08 2.4537e+09 -1.48482e+09 2.63414e+09)
(1.43925e+09 -2.29217e+08 -4.13489e+07 1.5098e+09 -1.99409e+08 1.83463e+09)
(5.03283e+09 -1.73042e+09 1.82482e+09 6.0023e+09 -1.5653e+09 5.42791e+09)
(9.96449e+08 -7.30493e+08 -5.91168e+07 7.93594e+08 -3.6019e+08 1.02991e+09)
(4.80898e+09 -6.59499e+08 2.1721e+08 5.76944e+09 -8.82318e+08 4.87274e+09)
(1.94293e+09 -8.83902e+08 -3.43187e+08 1.67596e+09 -2.52751e+08 2.12583e+09)
(-1.3337e+08 1.34317e+08 6.98406e+08 1.25047e+09 -1.6768e+09 1.6665e+09)
(1.88352e+09 -8.92258e+08 -9.08885e+07 2.70738e+09 -7.90475e+08 2.97535e+09)
(1.00272e+09 -1.01968e+09 3.79306e+09 2.1115e+10 -4.61599e+09 1.07404e+10)
(6.30445e+07 8.60212e+07 1.13822e+08 6.32998e+07 -3.94328e+07 1.71283e+08)
(1.62653e+09 -6.04071e+06 -2.86833e+08 1.88198e+09 -2.92352e+08 2.78593e+09)
(2.33387e+08 -1.68169e+07 2.49093e+08 2.01085e+08 -1.99272e+08 7.46679e+08)
(1.46589e+09 -1.3676e+08 -9.97535e+07 1.57148e+09 -2.69979e+08 2.3439e+09)
(1.06983e+09 -4.65407e+08 4.62492e+08 1.68123e+09 -4.25239e+08 1.54649e+09)
(1.07757e+09 -8.83462e+08 2.7007e+08 1.10054e+09 -6.10509e+08 2.41894e+09)
(1.80284e+09 -1.16685e+09 8.31446e+08 6.89393e+08 -6.39398e+08 1.30296e+09)
(3.94181e+09 2.00555e+08 -1.2176e+09 4.69479e+09 -9.50993e+08 6.08464e+09)
(6.11463e+09 1.50757e+09 -4.16192e+08 8.27435e+09 -6.94791e+08 8.57059e+09)
(2.23688e+09 -3.70361e+08 -2.93533e+06 2.38391e+09 -7.40041e+08 5.24367e+09)
(1.14922e+09 5.37549e+07 -4.04967e+08 1.02422e+09 -2.12132e+08 1.81682e+09)
(2.07943e+08 1.69582e+08 -3.99975e+07 5.29867e+08 1.37695e+08 9.70654e+08)
(1.6005e+09 -8.00817e+07 -2.85184e+08 2.20078e+09 -1.69059e+08 2.78134e+09)
(1.91495e+09 1.19423e+08 5.92009e+08 3.11288e+09 -1.92816e+08 3.63835e+09)
(1.19325e+09 -1.14781e+08 -1.14702e+08 1.62398e+09 -1.60611e+08 2.0205e+09)
(3.65386e+09 -1.11301e+09 2.43918e+08 2.91358e+09 1.30519e+08 3.68465e+09)
(2.69596e+09 -1.89276e+08 -7.33194e+08 3.42866e+09 -5.23161e+08 3.90141e+09)
(3.98488e+09 1.50695e+09 -2.23741e+08 4.01187e+09 1.78968e+08 5.71223e+09)
(2.58708e+09 -7.18027e+08 9.39385e+07 3.87493e+09 -1.3713e+08 6.50164e+09)
(4.1895e+09 4.54473e+07 -1.0341e+08 5.11845e+09 -2.72366e+08 5.43108e+09)
)
;

boundaryField
{
    inlet
    {
        type            calculated;
        value           nonuniform 0();
    }
    outlet
    {
        type            calculated;
        value           nonuniform 0();
    }
    bottom
    {
        type            calculated;
        value           nonuniform List<symmTensor> 
40
(
(2591 10300 1858.07 3433.37 3478.11 -4399.39)
(2931.47 1852.78 -2666.08 904.378 10208.3 4385.68)
(5220.81 6505.16 -2063.41 -5865.73 2270.61 -4457.23)
(2118.09 1319.33 -7940.68 -583.535 2785.35 -3992.55)
(-4552.23 5193.65 -1150.92 549.874 17982.8 17468.4)
(7515.18 4228.07 805.047 -6375.53 1960.1 -3522.46)
(3860.14 2694.27 -2936.6 -128.493 9302.67 2489.28)
(5966.95 6093.75 1107.67 -2615.8 3915.74 -6726.19)
(-11470.5 -10201.1 -14318.1 11135 11152.1 -3898.08)
(-1226.16 5406.24 1646.61 -471.512 15401.9 14822.1)
(5437.41 -1601.22 -28.1989 -4792.38 4761.35 -6416.88)
(4444.28 2835.93 -43.814 -1496.92 9652.04 4629.42)
(-385.755 -1205.91 -9197.44 4758.79 -379.308 353.91)
(-6530.67 -6839.01 -5971.12 7283.84 10492.5 -3434.89)
(-1386.65 607.501 25.8216 -2063.73 7958.49 7673.56)
(2142.49 -195.723 394.871 603.706 5482.91 -7108.29)
(2154.36 8228.07 -9657.1 -937.842 6360.26 -5590.47)
(-799.342 -1743.36 -5660.02 1371.38 1698.61 10234)
(-3700.29 38.2446 -1460.49 5481.87 4131.29 -9466.42)
(1635.05 3247.2 2088.24 1143.55 10248.4 4525.21)
(197.374 3911.33 -7897.74 -153.247 6193.17 -4505.49)
(-6486.59 8440.01 -9028.2 -421.543 7666.82 -11409.7)
(1093.4 4063.31 -304.612 2272.54 7962.24 11443.7)
(-642.605 3305.86 1658.91 2335.82 5904.33 -5507.92)
(108.698 2175.57 -4556.03 3336.16 6155.31 -7399.82)
(-2293.38 5623.27 -5052.42 515.651 9938.23 -747.807)
(-3430.55 7136.88 -4752.37 731.376 8460.05 -7560.34)
(-394.342 5646.05 475.759 1435.81 11235.4 5026.32)
(-132.948 2336.28 -7305.07 2979.93 9292.09 3079.39)
(983.121 3271.4 -3261.22 1987.99 9292.95 -7730.22)
(-965.615 6255.89 -3283.69 1485.57 12076.8 5275.8)
(1792.5 6302.94 831.646 256.409 10353.8 -6934.67)
(-1838.8 2043.88 -6192.04 3827.7 9259.6 -7897.33)
(-284.735 4222.72 -6304.73 2483.02 12143.2 6271.2)
(1057.72 5374.19 -2648.79 1586.74 11045.5 -7741.72)
(4166.03 7861.31 -656.326 897.609 12795.5 4075.44)
(-1771.13 3310.94 -9179.4 3094.74 10871.8 6781.98)
(-2088.31 3413.17 -5942.78 3102.56 11558.6 -8717.66)
(908.422 7216.74 -4930.68 2429.56 13542.2 5875.59)
(2832.26 8557.43 8181.83 1461.19 16285.4 -13992.4)
)
;
    }
    top
    {
        type            symmetryPlane;
    }
    side1
    {
        type            symmetryPlane;
    }
    side2
    {
        type            symmetryPlane;
    }
    procBoundary19to11
    {
        type            processor;
        value           nonuniform List<symmTensor> 
50
(
(-1.96346e+09 9.05005e+08 -2.13512e+09 2.37105e+08 1.15065e+09 -7.70103e+08)
(-5.17458e+09 -2.72651e+08 -4.09583e+09 9.45497e+09 3.97797e+09 -1.75905e+09)
(-1.74796e+09 -6.67148e+08 -2.98824e+09 2.95415e+09 5.77496e+08 -1.64541e+09)
(2.23882e+09 8.63401e+08 -3.03346e+09 -6.83472e+08 1.47019e+09 -1.59646e+09)
(7.84059e+08 1.168e+09 -4.23951e+09 1.04901e+09 1.12315e+09 -2.00192e+09)
(-2.25421e+08 2.70268e+09 -2.50935e+09 5.61468e+09 1.73476e+09 -3.3474e+09)
(-3.68978e+08 8.25133e+08 -4.31031e+09 3.77588e+09 1.48149e+09 -4.0071e+09)
(-1.07658e+09 1.75888e+09 -4.25782e+09 4.53156e+09 3.60425e+09 -3.06598e+09)
(-1.2222e+09 3.63138e+09 -7.58242e+09 4.13966e+09 4.21469e+09 -2.15174e+09)
(-5.20517e+09 2.82404e+09 -3.34806e+09 8.21108e+09 8.352e+09 -4.47486e+09)
(-7.66118e+07 1.60858e+07 -1.07404e+08 2.55009e+08 -3.75494e+07 -2.3611e+08)
(-7.27041e+07 -1.02106e+07 -6.75025e+06 1.04088e+08 -4.03847e+07 -1.10737e+06)
(-6.55284e+07 1.21919e+08 1.13988e+08 1.21958e+08 6.89567e+07 -1.39803e+08)
(-6.00708e+08 3.61269e+08 7.33012e+07 8.27223e+08 -1.76193e+08 -1.27769e+08)
(-3.65722e+08 5.36766e+08 -1.46438e+08 4.73016e+08 4.3926e+08 -2.35291e+08)
(-1.27481e+09 8.39481e+08 -4.23489e+09 2.53454e+09 6.80329e+08 -2.85452e+08)
(-1.12979e+09 1.15211e+09 -6.7725e+08 2.10658e+09 -1.44338e+08 -1.14556e+09)
(-2.05744e+09 1.23964e+09 2.49501e+09 2.03764e+09 -1.02881e+09 2.03057e+08)
(-1.53983e+09 1.50728e+09 6.80237e+08 1.76251e+09 1.08658e+08 -6.55347e+08)
(-1.46252e+09 3.73279e+09 -1.69965e+09 1.60997e+09 -1.13879e+08 1.57584e+09)
(-4.07509e+08 -1.59852e+08 1.99406e+08 -8.34737e+07 3.57709e+08 1.23289e+09)
(-2.6776e+08 -7.82388e+07 1.64267e+08 -3.45337e+07 5.84903e+08 1.71417e+08)
(-4.54582e+08 -1.35746e+08 2.40812e+08 9.34126e+07 4.04244e+08 7.39607e+08)
(-3.23313e+08 -1.4361e+08 2.17195e+08 9.08533e+07 3.14192e+08 1.59893e+08)
(-1.04005e+09 -1.22583e+08 -4.18843e+08 3.6357e+08 5.72167e+08 1.14561e+09)
(-6.99348e+08 5.3008e+07 5.82165e+07 1.05928e+08 1.41828e+08 1.89404e+08)
(-1.93763e+09 5.44215e+08 5.20415e+08 5.76037e+08 -3.27278e+08 2.06966e+09)
(-2.7516e+09 1.99205e+09 9.56209e+08 -2.75368e+08 5.37283e+07 1.35354e+09)
(-1.03537e+09 1.55301e+09 1.28551e+09 5.22031e+08 -9.09621e+08 1.64461e+09)
(-4.52485e+09 -1.97505e+08 3.10725e+09 7.62701e+08 -1.18482e+09 1.11555e+09)
(2.25782e+08 -2.57221e+09 1.84061e+09 -1.74351e+09 9.05749e+08 -1.88562e+08)
(1.13977e+09 -3.30507e+09 3.2019e+09 -1.3927e+09 -1.1077e+09 3.08184e+09)
(-4.70986e+08 -1.49465e+09 1.39395e+09 -4.56663e+08 5.31829e+08 6.75941e+07)
(-1.05785e+09 -2.67053e+09 2.32898e+09 2.82033e+08 -2.92491e+08 8.96007e+08)
(-1.30975e+09 -1.30657e+09 1.468e+09 -2.06141e+07 2.69739e+08 9.07977e+08)
(-1.60903e+09 -9.3639e+08 1.5948e+09 5.1484e+08 -3.22369e+08 1.26476e+09)
(-3.36462e+09 -1.03026e+09 2.80127e+09 7.51073e+08 -2.46773e+08 7.20938e+08)
(-2.1097e+09 -2.75368e+08 2.145e+09 1.28945e+09 -2.04634e+09 3.51689e+09)
(-6.30286e+09 -9.15808e+08 3.22497e+09 2.47547e+09 -1.25967e+09 -1.9197e+09)
(-2.78436e+09 8.76956e+08 4.97709e+09 3.16364e+09 -7.46001e+09 1.10667e+10)
(1.08757e+10 -1.96158e+10 -4.50289e+09 1.00148e+10 -3.21597e+09 2.69376e+09)
(4.43632e+09 -2.61559e+10 1.09833e+10 -1.40021e+10 1.82731e+10 -1.38031e+09)
(-6.72186e+09 -1.05174e+10 -1.63047e+09 1.01444e+10 -1.23163e+09 2.34494e+09)
(-7.09829e+09 -1.32488e+10 8.7223e+09 -5.36263e+08 5.35151e+09 1.39536e+09)
(-5.54047e+09 -5.17919e+09 2.02368e+09 7.71367e+09 -1.18394e+09 3.86337e+07)
(-7.07093e+09 -6.31411e+09 2.07995e+09 3.76835e+09 6.22263e+09 9.80547e+08)
(-8.66322e+09 -5.5768e+09 6.95989e+09 1.14877e+10 -3.48527e+09 9.22092e+08)
(-9.39849e+09 -3.90327e+09 -1.28328e+09 7.41579e+09 2.86622e+09 -3.51744e+09)
(-1.56408e+10 -5.0985e+09 1.49766e+10 2.80357e+10 -1.68041e+10 5.73373e+09)
(-6.60777e+09 -8.80537e+08 -3.17266e+09 6.79778e+09 4.76102e+09 -8.87055e+09)
)
;
    }
    procBoundary19to18
    {
        type            processor;
        value           nonuniform List<symmTensor> 
20
(
(4.70344e+08 2.19061e+08 -1.31204e+09 -2.69936e+08 1.02441e+09 -7.0411e+08)
(6.52148e+09 1.09192e+10 -7.03474e+08 -7.16018e+09 1.0328e+08 -5.02869e+09)
(1.16656e+08 -2.68765e+08 -7.72006e+09 1.12018e+09 3.54512e+09 3.68221e+08)
(3.1715e+09 3.52729e+09 -4.27742e+09 -1.95036e+09 2.45111e+09 1.39794e+08)
(1.93793e+07 5.80539e+08 -2.56773e+08 5.15764e+07 -3.46778e+08 -6.20715e+08)
(-1.16445e+09 1.34806e+08 -1.26261e+09 9.66078e+08 9.12531e+08 4.05538e+08)
(-1.73569e+09 -3.0295e+08 9.32582e+08 5.13052e+08 4.86067e+08 1.56794e+08)
(4.47413e+08 1.027e+09 -3.09031e+08 -1.43296e+09 -1.1054e+09 -4.8562e+08)
(-3.57568e+08 4.93892e+07 -1.66961e+08 2.30667e+07 3.50964e+08 7.8008e+08)
(-6.92394e+07 8.20318e+07 -5.6481e+07 9.28415e+07 7.59882e+07 -6.62719e+07)
(-1.75686e+07 8.90817e+07 -7.35249e+08 4.12664e+07 -1.7817e+08 -2.27794e+08)
(-1.16655e+08 4.85114e+08 -1.32415e+09 6.9078e+08 2.58979e+08 2.62691e+08)
(2.76547e+07 -7.49935e+08 6.64211e+08 -1.67761e+09 -9.56005e+08 1.92198e+09)
(-1.97817e+08 2.48582e+08 -3.83638e+08 -1.4268e+08 1.87875e+08 6.63095e+08)
(2.71475e+07 2.8826e+08 -1.96313e+07 3.07564e+08 1.10931e+08 -4.45869e+08)
(3.6314e+07 1.79674e+08 -2.15076e+08 -3.06345e+08 -1.74669e+08 2.98891e+08)
(3.82466e+09 -6.76694e+09 -1.21123e+09 1.91635e+09 -3.53068e+09 -1.70761e+09)
(1.2792e+08 -1.40073e+08 3.52406e+08 -6.71496e+08 -1.61201e+09 2.82542e+08)
(-2.012e+08 2.02369e+08 -4.46078e+08 -3.67281e+08 -2.94627e+08 7.12446e+08)
(2.67658e+07 1.16881e+08 1.11767e+08 1.22243e+07 8.83614e+07 -8.46664e+07)
)
;
    }
    procBoundary19to20
    {
        type            processor;
        value           nonuniform List<symmTensor> 
20
(
(-2.73845e+09 1.91427e+09 -2.96229e+09 3.90236e+09 4.08041e+09 -1.47381e+09)
(-2.17241e+09 6.6239e+09 -8.68181e+09 4.7933e+09 7.49917e+09 -1.43711e+09)
(-1.7134e+09 8.36131e+09 1.27394e+09 4.47148e+09 9.87778e+09 -4.70054e+09)
(1.67527e+09 1.75125e+10 -4.24634e+09 3.13816e+09 1.15203e+10 -2.26364e+09)
(-2.17858e+09 3.36664e+09 -2.2571e+09 1.32694e+09 -8.49741e+08 1.63685e+09)
(-4.84672e+09 1.27323e+09 -1.90633e+08 3.93915e+09 -3.71727e+09 -6.05939e+08)
(-2.82541e+07 3.02911e+09 -3.77405e+09 1.13029e+09 -2.16711e+09 1.2057e+09)
(8.31436e+09 6.72985e+09 -6.27433e+08 2.89496e+09 -1.71499e+09 -9.43962e+09)
(-6.1528e+09 -7.89666e+07 3.8509e+09 2.1364e+09 -2.96118e+09 2.32389e+09)
(-2.61369e+09 1.54651e+09 -2.49183e+08 1.48014e+09 -1.30578e+09 1.18714e+09)
(-1.10736e+10 5.31594e+09 1.72139e+09 1.38693e+10 -1.73835e+10 2.05807e+09)
(-2.8952e+09 6.39405e+09 -7.14477e+09 2.34393e+09 -7.11035e+09 2.82308e+09)
(-8.17565e+08 9.00009e+07 1.98646e+09 7.16997e+08 -3.11486e+09 2.37302e+09)
(-5.89755e+09 -1.76761e+09 5.59289e+09 3.5851e+09 -3.49344e+09 -3.53671e+07)
(-2.2988e+09 7.33189e+08 -8.67985e+07 1.68213e+09 -2.71106e+09 8.03791e+08)
(-3.16263e+09 5.18077e+08 8.79056e+08 -1.12353e+09 -9.09636e+09 6.58266e+09)
(-4.09589e+09 -1.78982e+09 9.22268e+08 8.37524e+09 6.48522e+09 -6.44395e+09)
(-1.78995e+09 -1.92632e+09 -1.13512e+08 2.04313e+09 -2.7784e+09 -2.97537e+08)
(-4.59855e+09 9.96651e+08 2.21142e+08 4.45013e+09 -3.98764e+09 1.34789e+09)
(-1.05648e+09 8.1161e+08 -4.67949e+08 -1.39245e+09 -3.19077e+08 2.22189e+09)
)
;
    }
    procBoundary19to27
    {
        type            processor;
        value           nonuniform List<symmTensor> 
50
(
(5.37203e+09 7.90362e+09 -1.40951e+09 -3.5487e+09 1.7038e+09 -3.2697e+09)
(7.14946e+09 2.60062e+09 -2.54135e+09 -2.4525e+09 2.21634e+09 -2.05246e+09)
(3.16536e+09 2.10611e+09 9.18311e+08 -1.20425e+09 1.38425e+09 -2.56691e+09)
(2.3e+09 2.43692e+09 6.5847e+08 -1.20484e+09 2.99836e+09 -1.38834e+09)
(1.94359e+09 9.806e+08 7.76941e+08 -7.37098e+08 2.1416e+09 -2.09991e+09)
(2.75789e+09 4.48987e+09 5.4972e+08 -4.85514e+08 4.64892e+09 -1.77399e+09)
(2.33244e+09 3.5816e+09 4.66158e+08 -6.41536e+08 3.62255e+09 -2.23054e+09)
(9.10298e+09 1.10137e+10 -3.41479e+09 -1.86087e+09 8.60888e+09 -8.07464e+09)
(6.78972e+09 8.80711e+09 7.48671e+09 -1.49904e+09 1.01071e+10 -3.70134e+09)
(1.02378e+10 1.70345e+10 1.51495e+09 -2.97334e+09 1.15235e+10 -6.72259e+09)
(-2.88764e+08 -2.81254e+08 -1.58743e+09 -1.54869e+09 -1.34131e+09 5.76198e+08)
(1.09923e+09 4.31785e+09 -2.04627e+09 1.53129e+08 -1.20988e+09 -1.73871e+09)
(1.25723e+09 1.96711e+09 -2.88616e+09 -1.76918e+09 -1.30693e+09 1.53233e+09)
(4.38164e+09 2.51206e+09 -2.13558e+09 -1.60781e+08 1.47681e+09 -6.13359e+09)
(1.68069e+09 1.45874e+09 -1.10707e+09 -8.02519e+08 -4.19055e+08 -4.7038e+08)
(-1.14526e+09 5.25382e+09 -1.45127e+09 2.62539e+09 -1.7492e+09 -3.55689e+09)
(-2.17281e+09 1.50746e+10 -1.45812e+10 9.45749e+08 -6.47662e+09 -2.52565e+09)
(6.13144e+09 1.06599e+10 -7.24961e+08 2.57825e+09 -1.17842e+09 -2.9636e+09)
(1.1015e+10 3.04179e+09 -1.19649e+10 -1.46619e+10 -5.0279e+09 -2.68998e+09)
(1.84163e+09 6.96426e+09 -8.41549e+09 3.89242e+08 -9.72556e+08 -7.06471e+09)
(-1.11099e+09 1.61636e+09 -4.42229e+09 1.70852e+09 3.48288e+08 1.18077e+09)
(-2.12951e+08 8.64937e+08 -2.6025e+08 -1.24237e+09 -6.97207e+08 1.0829e+09)
(1.71935e+09 3.89826e+09 -1.04597e+10 1.16667e+09 1.09302e+09 -2.38721e+09)
(-6.7019e+08 1.01562e+09 -2.05251e+09 -8.68095e+08 -2.69456e+08 9.85386e+08)
(-1.52676e+09 -1.61346e+08 3.62798e+09 1.38929e+09 -1.38823e+09 -9.53069e+08)
(-6.34807e+08 9.53977e+08 -9.43521e+08 -8.49193e+08 -8.10699e+08 1.10101e+09)
(-3.44059e+09 3.64133e+09 -2.3018e+09 3.55297e+09 -3.99423e+09 9.41716e+08)
(-3.28605e+09 2.91532e+09 -5.62967e+09 4.14413e+08 -2.31704e+09 3.05487e+09)
(-9.9046e+09 3.92736e+09 -5.05887e+09 2.05996e+09 -1.65079e+09 -2.23751e+09)
(2.09656e+10 1.44474e+10 -1.62251e+10 -1.57427e+09 -1.38423e+10 7.61492e+09)
(-8.80376e+07 5.07966e+08 -2.86071e+08 -7.05735e+08 -2.85367e+08 4.38403e+08)
(-2.19647e+08 8.14602e+08 -6.10717e+09 1.07908e+09 8.32873e+07 6.54809e+08)
(-3.0401e+08 5.06096e+08 -3.44201e+08 -4.16512e+08 -1.49252e+08 2.8517e+08)
(-6.83743e+09 8.65323e+07 -2.27504e+09 1.3757e+09 -9.0431e+08 7.87478e+09)
(-2.04056e+09 1.82643e+07 -1.93268e+07 -1.32344e+09 -7.13687e+08 2.13249e+09)
(-2.95373e+08 -2.63127e+08 4.8002e+09 1.97794e+09 -1.28617e+09 1.35613e+09)
(-2.05022e+09 -2.54174e+08 -2.34542e+09 -6.24622e+08 -9.01986e+08 1.52283e+09)
(-2.62841e+09 1.95124e+09 -1.48157e+09 1.18147e+09 -1.25467e+09 1.20163e+09)
(-1.65668e+09 -5.95563e+08 -2.968e+08 -9.09843e+08 -8.0888e+08 1.79458e+09)
(-4.26253e+09 -3.29223e+09 -1.91703e+09 1.191e+09 -2.18697e+09 1.9004e+09)
(2.71352e+08 2.97769e+08 -4.10193e+08 2.31319e+08 3.53926e+08 -1.49369e+08)
(-1.56555e+08 1.56956e+08 -1.17053e+08 -3.38956e+08 -1.82167e+08 2.96393e+08)
(-1.66768e+09 7.8663e+08 -9.74425e+08 4.23264e+08 3.93819e+08 2.15872e+09)
(-1.67194e+08 -1.69376e+07 -7.86504e+07 -2.86681e+07 -4.21849e+07 1.31638e+08)
(-9.60909e+08 -7.06675e+08 1.03975e+09 -7.00287e+08 1.78245e+08 2.03354e+09)
(-6.23885e+08 -1.33684e+08 8.47984e+07 -4.97732e+07 -1.31677e+08 2.36429e+08)
(1.47384e+09 -9.69039e+08 1.94467e+09 -2.01835e+09 1.44615e+09 -1.37238e+08)
(-1.40221e+09 -2.36771e+08 -1.33506e+09 -3.52216e+08 -5.63332e+08 1.48676e+09)
(-1.69524e+09 2.01307e+09 -9.82229e+08 6.47267e+08 -6.43099e+08 1.41396e+09)
(-2.42017e+09 -1.40431e+09 1.18975e+09 -1.16694e+09 1.31649e+09 3.49398e+09)
)
;
    }
}


// ************************************************************************* //
