/*--------------------------------*- C++ -*----------------------------------*\
| =========                 |                                                 |
| \\      /  F ield         | OpenFOAM: The Open Source CFD Toolbox           |
|  \\    /   O peration     | Version:  2.4.0                                 |
|   \\  /    A nd           | Web:      www.OpenFOAM.org                      |
|    \\/     M anipulation  |                                                 |
\*---------------------------------------------------------------------------*/
FoamFile
{
    version     2.0;
    format      ascii;
    class       labelList;
    location    "constant/polyMesh";
    object      faceProcAddressing;
}
// * * * * * * * * * * * * * * * * * * * * * * * * * * * * * * * * * * * * * //


221
(
2003
2004
2005
2006
2007
2008
2009
2010
2011
2012
2013
2014
2016
2017
2242
2243
2244
2245
2246
2247
2248
2249
2250
2251
2252
2253
2255
2256
2481
2482
2483
2484
2485
2486
2487
2488
2489
2490
2491
2492
2494
2495
2720
2722
2723
2725
2726
2728
2729
2731
2734
5747
5748
5749
5750
5751
5752
5753
5754
5755
5756
5757
5758
5760
5761
5986
5987
5988
5989
5990
5991
5992
5993
5994
5995
5996
5997
5999
6000
6225
6226
6227
6228
6229
6230
6231
6232
6233
6234
6235
6236
6238
6239
6464
6466
6467
6469
6470
6472
6473
9491
9492
9494
9495
9497
9498
9500
9501
9504
9730
9731
9733
9734
9736
9737
9739
9740
9743
9969
9970
9972
9973
9975
9976
9978
10208
10211
18089
18090
18091
18092
18105
18106
18107
18108
18121
18122
18123
18124
18137
18138
18139
18140
18153
18154
18155
18156
-1765
-1768
-1771
-1774
-1777
-5509
-5512
-5515
-5518
-5521
-9253
-9256
-9259
-9262
-9265
-2000
-2239
-2478
-2717
-5744
-5983
-6222
-6461
-9488
-9727
-9966
-10205
2015
2254
2493
2732
5759
5998
6237
6476
9503
9742
2721
2724
2727
2730
2733
6465
6468
6471
6474
6477
10209
6475
6478
9493
9496
9499
9502
9505
9732
9735
9738
9741
9744
9971
9974
9977
9979
9980
9982
9983
10210
10213
10214
10216
9981
10212
10215
)


// ************************************************************************* //
