/*--------------------------------*- C++ -*----------------------------------*\
| =========                 |                                                 |
| \\      /  F ield         | OpenFOAM: The Open Source CFD Toolbox           |
|  \\    /   O peration     | Version:  2.4.0                                 |
|   \\  /    A nd           | Web:      www.OpenFOAM.org                      |
|    \\/     M anipulation  |                                                 |
\*---------------------------------------------------------------------------*/
FoamFile
{
    version     2.0;
    format      ascii;
    class       volVectorField;
    location    "0.04";
    object      A_Source_unsmoothed;
}
// * * * * * * * * * * * * * * * * * * * * * * * * * * * * * * * * * * * * * //

dimensions      [1 -2 -2 0 0 0 0];

internalField   nonuniform List<vector> 
200
(
(0 0 0)
(0 0 0)
(-0 -0 -0)
(-0 -0 -0)
(-0 -0 0)
(0 0 0)
(-0 -0 0)
(0 0 0)
(0 0 0)
(0 -0 -0)
(0 0 0)
(-0 0 0)
(0 0 0)
(0 -0 0)
(0 0 0)
(0 -0 0)
(0 0 0)
(0 0 0)
(0 -0 -0)
(0 0 0)
(-0 0 -0)
(-0 -0 -0)
(0 0 0)
(0 0 0)
(-0 -0 0)
(-0 -0 -0)
(0 0 0)
(0 -0 -0)
(-123101 -35746.9 88055.3)
(0 0 0)
(0 0 0)
(-0 0 -0)
(-0 0 -0)
(0 0 0)
(-0 0 -0)
(-0 -0 0)
(0 -0 -0)
(-0 -0 0)
(0 0 0)
(-0 0 -0)
(0 0 0)
(-0 -0 -0)
(-0 -0 -0)
(0 0 0)
(0 0 0)
(0 0 0)
(0 0 0)
(-0 0 0)
(0 -0 0)
(0 0 0)
(0 0 0)
(0 0 0)
(0 0 0)
(0 0 0)
(-0 0 -0)
(-0 0 -0)
(-0 -0 0)
(0 0 0)
(0 -0 0)
(0 0 0)
(-0 0 0)
(0 0 0)
(-0 -0 -0)
(0 0 0)
(-0 -0 -0)
(0 0 0)
(0 0 0)
(0 0 0)
(0 0 0)
(0 0 0)
(0 0 0)
(0 0 0)
(0 0 0)
(0 0 0)
(-0 -0 0)
(0 0 0)
(0 0 0)
(0 0 0)
(0 0 0)
(0 -0 0)
(-0 -0 -0)
(-0 0 -0)
(0 0 0)
(0 0 0)
(-0 -0 -0)
(-102051 70028.6 -46383)
(0 0 0)
(0 0 0)
(-0 -0 0)
(-0 -0 -0)
(-0 -0 -0)
(-0 -0 0)
(0 0 0)
(-0 0 -0)
(0 0 0)
(0 0 0)
(0 -0 0)
(0 -0 0)
(0 0 0)
(-0 -0 0)
(0 0 0)
(0 0 0)
(-0 -0 -0)
(0 0 0)
(-0 0 0)
(0 0 0)
(-141843 -685.864 18570.6)
(0 0 0)
(0 0 0)
(-0 -0 -0)
(-0 0 0)
(0 0 0)
(-0 0 0)
(0 0 0)
(0 0 0)
(-0 -0 0)
(0 0 0)
(0 -0 0)
(0 0 0)
(0 0 0)
(0 0 0)
(0 0 0)
(0 0 0)
(-0 0 -0)
(-0 -0 0)
(0 0 0)
(-0 0 -0)
(-0 -0 -0)
(0 0 0)
(-0 0 -0)
(0 0 0)
(-0 0 -0)
(-0 -0 -0)
(0 0 0)
(0 0 0)
(0 0 0)
(0 0 0)
(0 0 0)
(0 -0 -0)
(0 0 0)
(0 0 0)
(-0 0 0)
(-0 0 -0)
(0 0 0)
(-0 0 0)
(0 0 0)
(-0 -0 -0)
(0 0 0)
(-0 0 0)
(0 0 0)
(-0 0 0)
(0 0 0)
(0 0 0)
(0 0 0)
(-0 0 0)
(0 0 0)
(-0 -0 0)
(0 0 0)
(-0 -0 0)
(0 -0 -0)
(0 0 0)
(0 0 0)
(-0 -0 0)
(0 0 0)
(0 0 0)
(0 0 0)
(0 0 0)
(-0 -0 0)
(0 0 0)
(0 0 0)
(-0 0 -0)
(0 0 0)
(0 0 0)
(0 0 0)
(0 0 0)
(0 0 0)
(0 0 0)
(-0 -0 0)
(0 0 0)
(0 0 0)
(0 0 0)
(-0 0 0)
(0 0 0)
(0 0 0)
(0 0 0)
(0 0 0)
(0 0 0)
(-0 -0 -0)
(-0 0 0)
(0 0 0)
(-119869 -20540.7 17916.6)
(0 0 0)
(0 -0 -0)
(0 0 0)
(0 0 0)
(0 0 0)
(0 0 0)
(0 0 0)
(0 0 0)
(0 0 0)
)
;

boundaryField
{
    inlet
    {
        type            zeroGradient;
    }
    outlet
    {
        type            zeroGradient;
    }
    bottom
    {
        type            zeroGradient;
    }
    top
    {
        type            symmetryPlane;
    }
    side1
    {
        type            symmetryPlane;
    }
    side2
    {
        type            symmetryPlane;
    }
    procBoundary15to7
    {
        type            processor;
        value           uniform (0 0 0);
    }
    procBoundary15to14
    {
        type            processor;
        value           uniform (0 0 0);
    }
    procBoundary15to23
    {
        type            processor;
        value           uniform (0 0 0);
    }
}


// ************************************************************************* //
