/*--------------------------------*- C++ -*----------------------------------*\
| =========                 |                                                 |
| \\      /  F ield         | OpenFOAM: The Open Source CFD Toolbox           |
|  \\    /   O peration     | Version:  2.4.0                                 |
|   \\  /    A nd           | Web:      www.OpenFOAM.org                      |
|    \\/     M anipulation  |                                                 |
\*---------------------------------------------------------------------------*/
FoamFile
{
    version     2.0;
    format      ascii;
    class       labelList;
    location    "constant/polyMesh";
    object      cellProcAddressing;
}
// * * * * * * * * * * * * * * * * * * * * * * * * * * * * * * * * * * * * * //


200
(
700
701
702
703
704
705
706
707
708
709
780
781
782
783
784
785
786
787
788
789
860
861
862
863
864
865
866
867
868
869
940
941
942
943
944
945
946
947
948
949
1980
1981
1982
1983
1984
1985
1986
1987
1988
1989
2060
2061
2062
2063
2064
2065
2066
2067
2068
2069
2140
2141
2142
2143
2144
2145
2146
2147
2148
2149
2220
2221
2222
2223
2224
2225
2226
2227
2228
2229
3260
3261
3262
3263
3264
3265
3266
3267
3268
3269
3340
3341
3342
3343
3344
3345
3346
3347
3348
3349
3420
3421
3422
3423
3424
3425
3426
3427
3428
3429
3500
3501
3502
3503
3504
3505
3506
3507
3508
3509
4540
4541
4542
4543
4544
4545
4546
4547
4548
4549
4620
4621
4622
4623
4624
4625
4626
4627
4628
4629
4700
4701
4702
4703
4704
4705
4706
4707
4708
4709
4780
4781
4782
4783
4784
4785
4786
4787
4788
4789
5820
5821
5822
5823
5824
5825
5826
5827
5828
5829
5900
5901
5902
5903
5904
5905
5906
5907
5908
5909
5980
5981
5982
5983
5984
5985
5986
5987
5988
5989
6060
6061
6062
6063
6064
6065
6066
6067
6068
6069
)


// ************************************************************************* //
