/*--------------------------------*- C++ -*----------------------------------*\
| =========                 |                                                 |
| \\      /  F ield         | OpenFOAM: The Open Source CFD Toolbox           |
|  \\    /   O peration     | Version:  2.4.0                                 |
|   \\  /    A nd           | Web:      www.OpenFOAM.org                      |
|    \\/     M anipulation  |                                                 |
\*---------------------------------------------------------------------------*/
FoamFile
{
    version     2.0;
    format      ascii;
    class       faceList;
    location    "constant/polyMesh";
    object      faces;
}
// * * * * * * * * * * * * * * * * * * * * * * * * * * * * * * * * * * * * * //


163
(
4(26 27 33 32)
4(5 11 41 35)
4(10 40 41 11)
4(34 35 41 40)
4(6 12 42 36)
4(11 41 42 12)
4(35 36 42 41)
4(7 13 43 37)
4(12 42 43 13)
4(36 37 43 42)
4(8 14 44 38)
4(13 43 44 14)
4(37 38 44 43)
4(14 44 45 15)
4(38 39 45 44)
4(11 17 47 41)
4(16 46 47 17)
4(40 41 47 46)
4(12 18 48 42)
4(17 47 48 18)
4(41 42 48 47)
4(13 19 49 43)
4(18 48 49 19)
4(42 43 49 48)
4(14 20 50 44)
4(19 49 50 20)
4(43 44 50 49)
4(20 50 51 21)
4(44 45 51 50)
4(17 23 53 47)
4(22 52 53 23)
4(46 47 53 52)
4(18 24 54 48)
4(23 53 54 24)
4(47 48 54 53)
4(19 25 55 49)
4(24 54 55 25)
4(48 49 55 54)
4(20 26 56 50)
4(25 55 56 26)
4(49 50 56 55)
4(26 56 57 27)
4(50 51 57 56)
4(23 29 59 53)
4(52 53 59 58)
4(24 30 60 54)
4(53 54 60 59)
4(25 31 61 55)
4(54 55 61 60)
4(26 32 62 56)
4(55 56 62 61)
4(56 57 63 62)
4(35 41 71 65)
4(40 70 71 41)
4(36 42 72 66)
4(41 71 72 42)
4(37 43 73 67)
4(42 72 73 43)
4(38 44 74 68)
4(43 73 74 44)
4(44 74 75 45)
4(41 47 77 71)
4(46 76 77 47)
4(42 48 78 72)
4(47 77 78 48)
4(43 49 79 73)
4(48 78 79 49)
4(44 50 80 74)
4(49 79 80 50)
4(50 80 81 51)
4(47 53 83 77)
4(52 82 83 53)
4(48 54 84 78)
4(53 83 84 54)
4(49 55 85 79)
4(54 84 85 55)
4(50 56 86 80)
4(55 85 86 56)
4(56 86 87 57)
4(53 59 89 83)
4(54 60 90 84)
4(55 61 91 85)
4(56 62 92 86)
4(64 65 71 70)
4(70 71 77 76)
4(76 77 83 82)
4(82 83 89 88)
4(65 66 72 71)
4(71 72 78 77)
4(77 78 84 83)
4(83 84 90 89)
4(66 67 73 72)
4(72 73 79 78)
4(78 79 85 84)
4(84 85 91 90)
4(67 68 74 73)
4(73 74 80 79)
4(79 80 86 85)
4(85 86 92 91)
4(68 69 75 74)
4(74 75 81 80)
4(80 81 87 86)
4(86 87 93 92)
4(4 5 35 34)
4(34 35 65 64)
4(5 6 36 35)
4(35 36 66 65)
4(6 7 37 36)
4(36 37 67 66)
4(7 8 38 37)
4(37 38 68 67)
4(8 9 39 38)
4(38 39 69 68)
4(0 2 3 1)
4(4 10 11 5)
4(5 11 12 6)
4(6 12 13 7)
4(7 13 14 8)
4(8 14 15 9)
4(10 16 17 11)
4(11 17 18 12)
4(12 18 19 13)
4(13 19 20 14)
4(14 20 21 15)
4(16 22 23 17)
4(17 23 24 18)
4(18 24 25 19)
4(19 25 26 20)
4(0 1 27 26)
4(20 26 27 21)
4(22 28 29 23)
4(23 29 30 24)
4(24 30 31 25)
4(0 26 32 2)
4(25 31 32 26)
4(4 34 40 10)
4(10 40 46 16)
4(16 46 52 22)
4(22 52 58 28)
4(34 64 70 40)
4(40 70 76 46)
4(46 76 82 52)
4(52 82 88 58)
4(1 3 33 27)
4(9 15 45 39)
4(15 21 51 45)
4(21 27 57 51)
4(27 33 63 57)
4(39 45 75 69)
4(45 51 81 75)
4(51 57 87 81)
4(57 63 93 87)
4(2 32 33 3)
4(28 58 59 29)
4(29 59 60 30)
4(30 60 61 31)
4(31 61 62 32)
4(32 62 63 33)
4(58 88 89 59)
4(59 89 90 60)
4(60 90 91 61)
4(61 91 92 62)
4(62 92 93 63)
)


// ************************************************************************* //
