/*--------------------------------*- C++ -*----------------------------------*\
| =========                 |                                                 |
| \\      /  F ield         | OpenFOAM: The Open Source CFD Toolbox           |
|  \\    /   O peration     | Version:  2.4.0                                 |
|   \\  /    A nd           | Web:      www.OpenFOAM.org                      |
|    \\/     M anipulation  |                                                 |
\*---------------------------------------------------------------------------*/
FoamFile
{
    version     2.0;
    format      ascii;
    class       labelList;
    location    "constant/polyMesh";
    object      faceProcAddressing;
}
// * * * * * * * * * * * * * * * * * * * * * * * * * * * * * * * * * * * * * //


209
(
9519
9520
9751
9752
9753
9754
9755
9756
9758
9759
9984
9985
9986
9987
9988
9989
9990
9991
9992
9993
9994
9995
9997
9998
10223
10225
10226
10228
10229
10231
10232
10234
10237
13250
13251
13252
13253
13254
13255
13256
13257
13258
13259
13260
13261
13263
13264
13489
13490
13491
13492
13493
13494
13495
13496
13497
13498
13499
13500
13502
13503
13728
13729
13730
13731
13732
13733
13734
13735
13736
13737
13738
13739
13741
13742
13967
13969
13970
13972
13973
13975
13976
13978
13981
16319
16320
16321
16322
16323
16324
16325
16326
16328
16478
16479
16480
16481
16482
16483
16484
16485
16487
16637
16638
16639
16640
16641
16642
16643
16644
16646
16796
16798
16800
16802
19449
19450
19451
19452
19465
19466
19467
19468
19481
19482
19483
19484
19497
19498
19499
19500
19513
19514
19515
19516
-9280
-9981
-5776
-6009
-6012
-6015
-6242
-6245
-6248
-6251
-6254
-6481
-6484
-6487
-6490
-6493
-9508
-9511
-9513
-9514
-9515
-9516
-9517
-9746
-9747
-9748
-9749
-9750
-13012
-13015
-13018
-13021
-13024
-16161
-16163
-16165
-16167
-16169
-10220
-13247
-13486
-13725
-13964
-16317
-16476
-16635
-16794
9518
9757
9996
10235
13262
13501
13740
13979
16327
16486
16645
16804
10224
10227
10230
10233
10236
13968
13971
13974
13977
13980
16797
16799
16801
16803
16805
)


// ************************************************************************* //
